Value
1.509840000e+003
1.502590000e+003
1.517680000e+003
1.520770000e+003
1.520770000e+003
1.507080000e+003
1.492250000e+003
1.502510000e+003
1.494500000e+003
1.489260000e+003
1.481990000e+003
1.484910000e+003
1.480870000e+003
1.465810000e+003
1.444510000e+003
1.459900000e+003
1.451340000e+003
1.449050000e+003
1.448720000e+003
1.439030000e+003
1.427210000e+003
1.426570000e+003
1.458290000e+003
1.436510000e+003
1.436230000e+003
1.426460000e+003
1.434320000e+003
1.436280000e+003
1.408990000e+003
1.402030000e+003
1.387020000e+003
1.364590000e+003
1.329780000e+003
1.374170000e+003
1.374620000e+003
1.349970000e+003
1.342130000e+003
1.388760000e+003
1.396930000e+003
1.395780000e+003
1.398130000e+003
1.364900000e+003
1.364440000e+003
1.379580000e+003
1.398660000e+003
1.429400000e+003
1.421220000e+003
1.428320000e+003
1.426690000e+003
1.432190000e+003
1.431870000e+003
1.409280000e+003
1.400140000e+003
1.365980000e+003
1.351260000e+003
1.382950000e+003
1.389810000e+003
1.372320000e+003
1.367720000e+003
1.342620000e+003
1.347350000e+003
1.322360000e+003
1.322360000e+003
1.341770000e+003
1.348970000e+003
1.336090000e+003
1.341910000e+003
1.314950000e+003
1.315230000e+003
1.324970000e+003
1.376540000e+003
1.351460000e+003
1.343550000e+003
1.369890000e+003
1.380200000e+003
1.371180000e+003
1.359990000e+003
1.340930000e+003
1.312150000e+003
1.322740000e+003
1.305600000e+003
1.264740000e+003
1.274860000e+003
1.305970000e+003
1.305970000e+003
1.315190000e+003
1.328920000e+003
1.334220000e+003
1.320280000e+003
1.320280000e+003
1.283270000e+003
1.347560000e+003
1.333340000e+003
1.298350000e+003
1.295860000e+003
1.300800000e+003
1.313270000e+003
1.326820000e+003
1.318320000e+003
1.318320000e+003
1.326650000e+003
1.329470000e+003
1.347970000e+003
1.342540000e+003
1.342900000e+003
1.360400000e+003
1.364310000e+003
1.357510000e+003
1.354950000e+003
1.364170000e+003
1.373730000e+003
1.366010000e+003
1.373470000e+003
1.349470000e+003
1.354310000e+003
1.352260000e+003
1.340890000e+003
1.332530000e+003
1.314760000e+003
1.330310000e+003
1.318800000e+003
1.315920000e+003
1.326620000e+003
1.301530000e+003
1.301530000e+003
1.278950000e+003
1.255270000e+003
1.252820000e+003
1.245860000e+003
1.267650000e+003
1.257940000e+003
1.239940000e+003
1.241230000e+003
1.234180000e+003
1.241410000e+003
1.253800000e+003
1.261900000e+003
1.264740000e+003
1.233420000e+003
1.180160000e+003
1.197660000e+003
1.166710000e+003
1.173570000e+003
1.150540000e+003
1.170810000e+003
1.142620000e+003
1.122140000e+003
1.117580000e+003
1.139830000e+003
1.152690000e+003
1.182170000e+003
1.153290000e+003
1.147950000e+003
1.160330000e+003
1.145870000e+003
1.106470000e+003
1.103250000e+003
1.151440000e+003
1.128430000e+003
1.137590000e+003
1.168380000e+003
1.165890000e+003
1.183500000e+003
1.183500000e+003
1.179680000e+003
1.191810000e+003
1.238160000e+003
1.253700000e+003
1.242980000e+003
1.224360000e+003
1.209470000e+003
1.228750000e+003
1.234520000e+003
1.253050000e+003
1.249460000e+003
1.266440000e+003
1.267430000e+003
1.248580000e+003
1.266610000e+003
1.263510000e+003
1.261200000e+003
1.255540000e+003
1.255180000e+003
1.245670000e+003
1.248920000e+003
1.249440000e+003
1.284990000e+003
1.288490000e+003
1.291960000e+003
1.312830000e+003
1.309380000e+003
1.289050000e+003
1.293170000e+003
1.277900000e+003
1.277900000e+003
1.267940000e+003
1.248080000e+003
1.255830000e+003
1.260670000e+003
1.267110000e+003
1.283570000e+003
1.270030000e+003
1.276960000e+003
1.264960000e+003
1.254390000e+003
1.255850000e+003
1.241600000e+003
1.219870000e+003
1.214370000e+003
1.208430000e+003
1.212580000e+003
1.223140000e+003
1.237040000e+003
1.225350000e+003
1.218600000e+003
1.216760000e+003
1.211070000e+003
1.226200000e+003
1.224420000e+003
1.236720000e+003
1.234450000e+003
1.234450000e+003
1.219240000e+003
1.190590000e+003
1.198780000e+003
1.181520000e+003
1.180180000e+003
1.208140000e+003
1.215680000e+003
1.202450000e+003
1.214440000e+003
1.207710000e+003
1.215020000e+003
1.210850000e+003
1.191030000e+003
1.171650000e+003
1.190490000e+003
1.202930000e+003
1.205820000e+003
1.204520000e+003
1.211230000e+003
1.215930000e+003
1.220750000e+003
1.214350000e+003
1.200480000e+003
1.204400000e+003
1.183530000e+003
1.183430000e+003
1.190160000e+003
1.191290000e+003
1.186730000e+003
1.178020000e+003
1.181660000e+003
1.161970000e+003
1.171410000e+003
1.157260000e+003
1.165310000e+003
1.162090000e+003
1.184930000e+003
1.179210000e+003
1.161510000e+003
1.148560000e+003
1.129030000e+003
1.133580000e+003
1.133580000e+003
1.132940000e+003
1.131740000e+003
1.106400000e+003
1.085790000e+003
1.092540000e+003
1.092540000e+003
1.092540000e+003
1.092540000e+003
1.092540000e+003
1.038770000e+003
1.032740000e+003
1.016100000e+003
9.845400000e+002
9.658000000e+002
1.003450000e+003
1.012270000e+003
1.007040000e+003
1.018610000e+003
1.040940000e+003
1.038550000e+003
1.051330000e+003
1.072280000e+003
1.069630000e+003
1.071380000e+003
1.062440000e+003
1.056750000e+003
1.080990000e+003
1.097430000e+003
1.091650000e+003
1.089980000e+003
1.097540000e+003
1.077090000e+003
1.068610000e+003
1.073480000e+003
1.089900000e+003
1.084780000e+003
1.085200000e+003
1.100090000e+003
1.104610000e+003
1.078300000e+003
1.059790000e+003
1.059780000e+003
1.084100000e+003
1.087200000e+003
1.102840000e+003
1.118860000e+003
1.115800000e+003
1.118540000e+003
1.120310000e+003
1.118330000e+003
1.139090000e+003
1.141210000e+003
1.142240000e+003
1.138650000e+003
1.151060000e+003
1.142660000e+003
1.137030000e+003
1.137030000e+003
1.150340000e+003
1.157420000e+003
1.149500000e+003
1.128520000e+003
1.140200000e+003
1.139450000e+003
1.129900000e+003
1.144800000e+003
1.170350000e+003
1.167100000e+003
1.158310000e+003
1.139930000e+003
1.136760000e+003
1.137070000e+003
1.119380000e+003
1.123090000e+003
1.134360000e+003
1.142920000e+003
1.149560000e+003
1.139930000e+003
1.144900000e+003
1.144650000e+003
1.144650000e+003
1.149370000e+003
1.157130000e+003
1.161020000e+003
1.148080000e+003
1.148080000e+003
1.154670000e+003
1.165270000e+003
1.172510000e+003
1.164890000e+003
1.160710000e+003
1.155140000e+003
1.156550000e+003
1.145600000e+003
1.138410000e+003
1.146190000e+003
1.127570000e+003
1.138880000e+003
1.127580000e+003
1.127580000e+003
1.119310000e+003
1.128180000e+003
1.132150000e+003
1.133280000e+003
1.133060000e+003
1.100640000e+003
1.113570000e+003
1.130200000e+003
1.122200000e+003
1.094440000e+003
1.090020000e+003
1.083510000e+003
1.080170000e+003
1.096220000e+003
1.111940000e+003
1.107500000e+003
1.118510000e+003
1.116480000e+003
1.104180000e+003
1.104180000e+003
1.083340000e+003
1.097980000e+003
1.080950000e+003
1.089840000e+003
1.109430000e+003
1.109380000e+003
1.109890000e+003
1.106730000e+003
1.131780000e+003
1.153840000e+003
1.146140000e+003
1.162770000e+003
1.157540000e+003
1.164310000e+003
1.168260000e+003
1.165580000e+003
1.154090000e+003
1.153040000e+003
1.166160000e+003
1.165550000e+003
1.170290000e+003
1.151850000e+003
1.153590000e+003
1.148700000e+003
1.131870000e+003
1.138490000e+003
1.144580000e+003
1.147390000e+003
1.147390000e+003
1.146540000e+003
1.136760000e+003
1.125400000e+003
1.126340000e+003
1.122730000e+003
1.125290000e+003
1.117800000e+003
1.130470000e+003
1.103690000e+003
1.111010000e+003
1.102550000e+003
1.128370000e+003
1.126070000e+003
1.124470000e+003
1.125170000e+003
1.107830000e+003
1.100960000e+003
1.093140000e+003
1.091480000e+003
1.076320000e+003
1.065450000e+003
1.076920000e+003
1.086460000e+003
1.084560000e+003
1.073430000e+003
1.052670000e+003
1.049490000e+003
1.088840000e+003
1.073010000e+003
1.054990000e+003
1.074560000e+003
1.097280000e+003
1.091070000e+003
1.098230000e+003
1.106590000e+003
1.091880000e+003
1.079880000e+003
1.086020000e+003
1.097080000e+003
1.083820000e+003
1.083820000e+003
1.074550000e+003
1.067660000e+003
1.064660000e+003
1.067140000e+003
1.040680000e+003
1.040690000e+003
1.049900000e+003
1.029150000e+003
1.027530000e+003
1.030740000e+003
1.013600000e+003
1.020260000e+003
1.009560000e+003
1.007270000e+003
1.036170000e+003
1.037140000e+003
1.019990000e+003
1.006290000e+003
9.891400000e+002
9.927200000e+002
9.761400000e+002
9.735200000e+002
9.906400000e+002
9.898100000e+002
9.686500000e+002
9.480900000e+002
9.539900000e+002
9.539900000e+002
9.890300000e+002
9.769800000e+002
9.528300000e+002
9.204700000e+002
9.273700000e+002
9.213900000e+002
9.179300000e+002
9.010500000e+002
9.060400000e+002
8.815600000e+002
8.477600000e+002
8.198500000e+002
7.977000000e+002
8.434200000e+002
8.386800000e+002
8.528400000e+002
8.989600000e+002
9.027800000e+002
9.116200000e+002
8.846600000e+002
8.642400000e+002
8.346000000e+002
8.595700000e+002
8.767700000e+002
9.054600000e+002
9.086400000e+002
9.038000000e+002
8.842100000e+002
9.196200000e+002
9.302500000e+002
9.287700000e+002
9.507200000e+002
9.374300000e+002
9.493600000e+002
9.627000000e+002
9.408600000e+002
9.479500000e+002
9.348200000e+002
9.178700000e+002
9.178000000e+002
